2025-05-27 21:13:05.327620262+01:00;BEGIN EXECUTION;5
2025-05-27 21:13:05.357320383+01:00;END EXECUTION;5
